# x, y
1.000000000000000048e-04 0.000000000000000000e+00 0.000000000000000000e+00
1.000000000000000000e+00 0.000000000000000000e+00 -0.000000000000000000e+00
1.000000000000000000e+00 1.000000000000000000e+00 -1.071363774712530138e-32
1.000000000000000048e-04 1.000000000000000000e+00 7.200967584088572901e-25
1.000000000000000048e-04 9.999500000000001165e-01 9.236339319884267388e-13
1.000000000000000000e+00 4.999999999999449329e-05 -1.374187460605329524e-20
1.000000000000000000e+00 5.000249999999999417e-01 -8.748349092604495689e-17
1.000000000000000048e-04 4.999750000000000583e-01 5.880036241382064632e-09
5.000250000000001638e-01 1.000000000000000000e+00 1.091411249021723155e-17
5.000750000000000473e-01 0.000000000000000000e+00 0.000000000000000000e+00
7.500624999999999654e-01 0.000000000000000000e+00 0.000000000000000000e+00
2.500375000000001346e-01 1.000000000000000000e+00 4.004794963908911582e-18
1.000000000000000048e-04 2.499875000000000291e-01 4.157650232566932933e-09
1.000000000000000000e+00 7.500124999999999709e-01 -6.185774057558303715e-17
1.000000000000000000e+00 2.500374999999999126e-01 -6.186745716674099888e-17
1.000000000000000048e-04 7.499625000000000874e-01 4.158303314737600509e-09
7.500125000000001929e-01 1.000000000000000000e+00 1.084232452841475523e-17
2.500875000000000181e-01 0.000000000000000000e+00 0.000000000000000000e+00
3.750812499999999772e-01 0.000000000000000000e+00 0.000000000000000000e+00
6.250187499999999563e-01 1.000000000000000000e+00 1.224586413916228314e-17
1.000000000000000048e-04 6.249687499999998508e-01 5.432666036540426437e-09
1.000000000000000000e+00 3.750312499999999272e-01 -8.082749330133518176e-17
1.000000000000000000e+00 8.750062499999999854e-01 -3.347689570006935518e-17
1.000000000000000048e-04 1.249937499999997925e-01 2.250085791978511898e-09
1.250437499999998980e-01 1.000000000000000000e+00 1.093936807193447138e-18
8.750562499999999799e-01 0.000000000000000000e+00 0.000000000000000000e+00
6.250687499999999508e-01 0.000000000000000000e+00 0.000000000000000000e+00
3.750312499999999272e-01 1.000000000000000000e+00 7.729257509259211068e-18
1.000000000000000048e-04 3.749812499999998217e-01 5.432312593891086541e-09
1.000000000000000000e+00 6.250187499999999563e-01 -8.082223476286079864e-17
1.000000000000000000e+00 1.250437499999998980e-01 -3.348959122700515082e-17
1.000000000000000048e-04 8.749562499999998799e-01 2.250939097644489269e-09
8.750062499999999854e-01 1.000000000000000000e+00 6.540493855875523052e-18
1.250937500000000036e-01 0.000000000000000000e+00 0.000000000000000000e+00
1.875906249999999831e-01 0.000000000000000000e+00 0.000000000000000000e+00
8.125093750000000892e-01 1.000000000000000000e+00 9.031472988360529274e-18
1.000000000000000048e-04 8.124593749999999837e-01 3.267397066766228472e-09
1.000000000000000000e+00 1.875406250000000163e-01 -4.861250677853706035e-17
1.000000000000000000e+00 6.875156250000000746e-01 -7.273747861470600124e-17
1.000000000000000048e-04 3.124843749999999254e-01 4.888911105785475496e-09
3.125343750000000309e-01 1.000000000000000000e+00 5.845986754075122407e-18
6.875656249999999581e-01 0.000000000000000000e+00 0.000000000000000000e+00
9.375531249999999872e-01 0.000000000000000000e+00 0.000000000000000000e+00
6.254687500000000178e-02 1.000000000000000000e+00 2.796921368334976019e-19
1.000000000000000048e-04 6.249687499999989626e-02 1.147081549369966731e-09
1.000000000000000000e+00 9.375031250000001037e-01 -1.706634010339950748e-17
1.000000000000000000e+00 4.375281250000000455e-01 -8.580402811830700669e-17
1.000000000000000048e-04 5.624718749999999545e-01 5.767154347083852531e-09
5.625218750000000600e-01 1.000000000000000000e+00 1.188098904510217255e-17
4.375781249999999845e-01 0.000000000000000000e+00 0.000000000000000000e+00
5.000000000000000000e-01 5.000000000000000000e-01 8.911648463760275807e-02
5.000000000000000000e-01 5.000000000000000000e-01 8.911648463760275807e-02
1.000000000000000048e-04 0.000000000000000000e+00 0.000000000000000000e+00
1.000000000000000000e+00 0.000000000000000000e+00 -0.000000000000000000e+00
1.000000000000000000e+00 1.000000000000000000e+00 -1.071363774712530138e-32
1.000000000000000048e-04 1.000000000000000000e+00 7.200967584088572901e-25
1.000000000000000048e-04 9.999500000000001165e-01 9.236339319884267388e-13
1.000000000000000000e+00 4.999999999999449329e-05 -1.374187460605329524e-20
1.000000000000000000e+00 5.000249999999999417e-01 -8.748349092604495689e-17
1.000000000000000048e-04 4.999750000000000583e-01 5.880036241382064632e-09
5.000250000000001638e-01 1.000000000000000000e+00 1.091411249021723155e-17
5.000750000000000473e-01 0.000000000000000000e+00 0.000000000000000000e+00
7.500624999999999654e-01 0.000000000000000000e+00 0.000000000000000000e+00
2.500375000000001346e-01 1.000000000000000000e+00 4.004794963908911582e-18
1.000000000000000048e-04 2.499875000000000291e-01 4.157650232566932933e-09
1.000000000000000000e+00 7.500124999999999709e-01 -6.185774057558303715e-17
1.000000000000000000e+00 2.500374999999999126e-01 -6.186745716674099888e-17
1.000000000000000048e-04 7.499625000000000874e-01 4.158303314737600509e-09
7.500125000000001929e-01 1.000000000000000000e+00 1.084232452841475523e-17
2.500875000000000181e-01 0.000000000000000000e+00 0.000000000000000000e+00
3.750812499999999772e-01 0.000000000000000000e+00 0.000000000000000000e+00
6.250187499999999563e-01 1.000000000000000000e+00 1.224586413916228314e-17
1.000000000000000048e-04 6.249687499999998508e-01 5.432666036540426437e-09
1.000000000000000000e+00 3.750312499999999272e-01 -8.082749330133518176e-17
1.000000000000000000e+00 8.750062499999999854e-01 -3.347689570006935518e-17
1.000000000000000048e-04 1.249937499999997925e-01 2.250085791978511898e-09
1.250437499999998980e-01 1.000000000000000000e+00 1.093936807193447138e-18
8.750562499999999799e-01 0.000000000000000000e+00 0.000000000000000000e+00
6.250687499999999508e-01 0.000000000000000000e+00 0.000000000000000000e+00
3.750312499999999272e-01 1.000000000000000000e+00 7.729257509259211068e-18
1.000000000000000048e-04 3.749812499999998217e-01 5.432312593891086541e-09
1.000000000000000000e+00 6.250187499999999563e-01 -8.082223476286079864e-17
1.000000000000000000e+00 1.250437499999998980e-01 -3.348959122700515082e-17
1.000000000000000048e-04 8.749562499999998799e-01 2.250939097644489269e-09
8.750062499999999854e-01 1.000000000000000000e+00 6.540493855875523052e-18
1.250937500000000036e-01 0.000000000000000000e+00 0.000000000000000000e+00
1.875906249999999831e-01 0.000000000000000000e+00 0.000000000000000000e+00
8.125093750000000892e-01 1.000000000000000000e+00 9.031472988360529274e-18
1.000000000000000048e-04 8.124593749999999837e-01 3.267397066766228472e-09
1.000000000000000000e+00 1.875406250000000163e-01 -4.861250677853706035e-17
1.000000000000000000e+00 6.875156250000000746e-01 -7.273747861470600124e-17
1.000000000000000048e-04 3.124843749999999254e-01 4.888911105785475496e-09
3.125343750000000309e-01 1.000000000000000000e+00 5.845986754075122407e-18
6.875656249999999581e-01 0.000000000000000000e+00 0.000000000000000000e+00
9.375531249999999872e-01 0.000000000000000000e+00 0.000000000000000000e+00
6.254687500000000178e-02 1.000000000000000000e+00 2.796921368334976019e-19
1.000000000000000048e-04 6.249687499999989626e-02 1.147081549369966731e-09
1.000000000000000000e+00 9.375031250000001037e-01 -1.706634010339950748e-17
1.000000000000000000e+00 4.375281250000000455e-01 -8.580402811830700669e-17
1.000000000000000048e-04 5.624718749999999545e-01 5.767154347083852531e-09
5.625218750000000600e-01 1.000000000000000000e+00 1.188098904510217255e-17
4.375781249999999845e-01 0.000000000000000000e+00 0.000000000000000000e+00
7.500249999999999417e-01 2.500000000000000000e-01 6.260153156104682204e-02
2.500749999999999917e-01 7.500000000000000000e-01 2.312965426288624005e-02
3.750624999999999654e-01 3.750000000000000000e-01 5.831685744794946891e-02
8.750124999999999709e-01 8.750000000000000000e-01 2.043717036978359020e-02
6.250375000000000236e-01 1.250000000000000000e-01 3.826648345668605400e-02
1.250874999999999904e-01 6.250000000000000000e-01 8.258321175229116698e-03
1.875812499999999772e-01 3.125000000000000000e-01 1.611578996699604069e-02
6.875312500000000382e-01 8.125000000000000000e-01 5.405388166786061210e-02
9.375062499999999854e-01 6.250000000000000000e-02 5.540942160682038944e-03
4.375562499999999799e-01 5.625000000000000000e-01 7.590455991234271171e-02
3.125687500000000063e-01 1.875000000000000000e-01 2.652547814668351073e-02
8.125187499999999563e-01 6.875000000000000000e-01 6.131666140541641025e-02
5.625437500000000091e-01 4.375000000000000000e-01 9.515342941941327959e-02
6.259375000000000355e-02 9.375000000000000000e-01 4.462221802691331961e-04
9.384062499999999696e-02 4.687500000000000000e-01 5.070230793864679945e-03
5.937906250000000163e-01 9.687500000000000000e-01 9.721016966878083532e-03
8.437656249999999636e-01 2.187500000000000000e-01 4.074253306108107514e-02
3.438156250000000136e-01 7.187500000000000000e-01 4.288672511872168580e-02
4.688031249999999872e-01 9.375000000000000000e-02 2.428545102586968790e-02
9.687531249999999927e-01 5.937500000000000000e-01 1.390818179230648120e-02
7.187781250000000455e-01 3.437500000000000000e-01 8.261726426805651724e-02
2.188281249999999845e-01 8.437500000000000000e-01 1.214031984025982364e-02
1.563343749999999976e-01 1.562500000000000000e-01 6.475119129262800650e-03
6.562843750000000309e-01 6.562500000000000000e-01 8.765242108751640504e-02
9.062593749999999782e-01 4.062500000000000000e-01 3.963200641275757552e-02
4.063093749999999726e-01 9.062500000000000000e-01 2.046105547580634801e-02
2.813218749999999990e-01 2.812500000000000000e-01 3.099472269227815033e-02
7.812718749999999490e-01 7.812500000000000000e-01 5.193915030582449410e-02
5.312968750000000018e-01 3.125000000000000000e-02 9.176822153075673075e-03
3.134687500000000321e-02 5.312500000000000000e-01 5.739694705728879678e-04
4.697031249999999991e-02 2.656250000000000000e-01 9.573193849909035101e-04
5.469203124999999499e-01 7.656250000000000000e-01 6.411231039174450363e-02
7.968953125000000082e-01 1.562500000000000000e-02 3.826693041034586688e-03
2.969453125000000027e-01 5.156250000000000000e-01 4.384546242417027007e-02
4.219328124999999763e-01 1.406250000000000000e-01 3.164228256434286485e-02
9.218828125000000373e-01 6.406250000000000000e-01 3.166359013785673138e-02
6.719078124999999790e-01 3.906250000000000000e-01 9.277021669339102772e-02
1.719578125000000013e-01 8.906250000000000000e-01 5.545320802684121711e-03
2.344515624999999881e-01 7.812500000000000000e-02 7.087344225446933453e-03
7.344015624999999936e-01 5.781250000000000000e-01 8.856019590088967663e-02
9.843765625000000519e-01 3.281250000000000000e-01 6.293856609830328179e-03
4.844265624999999909e-01 8.281250000000000000e-01 4.447169581324594834e-02
3.594390625000000172e-01 4.531250000000000000e-01 5.868201188843363142e-02
8.593890625000000227e-01 9.531250000000000000e-01 8.652498953649924440e-03
6.094140624999999645e-01 2.031250000000000000e-01 5.942657559494499836e-02
1.094640625000000006e-01 7.031250000000000000e-01 5.535606884378668595e-03
7.821718750000000719e-02 2.343750000000000000e-01 2.388818597082106865e-03
5.781671874999999572e-01 7.343750000000000000e-01 7.280478033240211921e-02
8.281421875000000155e-01 4.843750000000000000e-01 6.906935415683265744e-02
3.281921875000000099e-01 9.843750000000000000e-01 2.532515620432624487e-03
4.531796874999999836e-01 3.593750000000000000e-01 7.287649766843733168e-02
9.531296875000000446e-01 8.593750000000000000e-01 9.219552864902306674e-03
7.031546874999999863e-01 1.093750000000000000e-01 3.223295694732565553e-02
2.032046874999999808e-01 6.093750000000000000e-01 2.117143119120905304e-02
1.407109374999999940e-01 4.218750000000000000e-01 1.088788962810966626e-02
6.406609374999999718e-01 9.218750000000000000e-01 2.426744393046178366e-02
8.906359375000000300e-01 1.718750000000000000e-01 2.444448842871889405e-02
3.906859374999999690e-01 6.718750000000000000e-01 5.733917378515442781e-02
2.656984374999999954e-01 4.687500000000000000e-02 5.335075860814262640e-03
7.656484375000000009e-01 5.468750000000000000e-01 8.446476096743028850e-02
5.156734374999999426e-01 2.968750000000000000e-01 7.349700308958716233e-02
1.572343749999999957e-02 7.968750000000000000e-01 8.655756667526705913e-05
2.353515624999999792e-02 3.984375000000000000e-01 3.089445126393721569e-04
5.234851562500000277e-01 8.984375000000000000e-01 2.904632899490751721e-02
7.734601562499999750e-01 1.484375000000000000e-01 3.762209387317551335e-02
2.735101562499999694e-01 6.484375000000000000e-01 3.413755725853294398e-02
3.984976562499999986e-01 2.343750000000000000e-02 5.052490512207466304e-03
8.984476562500000041e-01 5.234375000000000000e-01 4.439425602222036443e-02
6.484726562499999458e-01 2.734375000000000000e-01 7.547646815917535834e-02
1.485226562499999958e-01 7.734375000000000000e-01 8.133761992585759881e-03
2.110164062499999826e-01 2.109375000000000000e-01 1.482735462372484180e-02
7.109664062499999604e-01 7.109375000000000000e-01 7.467714106839577759e-02
9.609414062500000187e-01 4.609375000000000000e-01 1.793519642180878282e-02
4.609914062500000131e-01 9.609375000000000000e-01 1.005757734648430636e-02
3.360039062499999840e-01 3.359375000000000000e-01 4.659135483973209091e-02
8.359539062499999895e-01 8.359375000000000000e-01 3.289067649251706943e-02
5.859789062500000423e-01 8.593750000000000000e-02 2.634023211414282875e-02
8.602890625000000902e-02 5.859375000000000000e-01 4.137449307554552647e-03
1.172757812500000024e-01 1.171875000000000000e-01 2.837683078473064984e-03
6.172257812500000496e-01 6.171875000000000000e-01 9.322581195666805598e-02
8.672007812499999968e-01 3.671875000000000000e-01 5.140097922424018140e-02
3.672507812499999913e-01 8.671875000000000000e-01 2.481298166022657958e-02
4.922382812500000204e-01 4.921875000000000000e-01 8.781649811634532898e-02
9.921882812500000259e-01 9.921875000000000000e-01 9.043449551735296130e-05
7.422132812499999677e-01 2.421875000000000000e-01 6.203220622934881717e-02
2.422632812499999899e-01 7.421875000000000000e-01 2.239707648596810444e-02
1.797695312500000031e-01 3.046875000000000000e-01 1.463279552394454279e-02
6.797195312499999531e-01 8.046875000000000000e-01 5.640592412464008609e-02
9.296945312500000114e-01 5.468750000000000000e-02 5.426733011417974629e-03
4.297445312500000059e-01 5.546875000000000000e-01 7.460334425448368612e-02
3.047570312499999767e-01 1.796875000000000000e-01 2.451216891708057899e-02
8.047070312499999822e-01 6.796875000000000000e-01 6.413350488440447417e-02
5.547320312500000350e-01 4.296875000000000000e-01 9.394099881672340890e-02
5.478203125000000173e-02 9.296875000000000000e-01 3.845093856630254960e-04
3.915859375000000503e-02 1.328125000000000000e-01 3.643553527773286884e-04
5.391085937499999758e-01 6.328125000000000000e-01 8.646775186428914961e-02
7.890835937500000341e-01 3.828125000000000000e-01 7.461661268936965741e-02
2.891335937499999731e-01 8.828125000000000000e-01 1.511212053148131181e-02
4.141210937500000022e-01 2.578125000000000000e-01 5.233597327550861683e-02
9.140710937499999522e-01 7.578125000000000000e-01 2.637610311788353770e-02
6.640960937500000050e-01 7.812500000000000000e-03 2.429724546985166655e-03
1.641460937499999995e-01 5.078125000000000000e-01 1.506797893013080668e-02
2.266398437499999863e-01 4.453125000000000000e-01 2.703999518080155151e-02
7.265898437500000195e-01 9.453125000000000000e-01 1.582001517206221147e-02
9.765648437499999668e-01 1.953125000000000000e-01 6.308101317619588602e-03
4.766148437500000168e-01 6.953125000000000000e-01 6.958352831809976047e-02
3.516273437499999877e-01 7.031250000000000000e-02 1.257783157353960929e-02
8.515773437500000487e-01 5.703125000000000000e-01 6.013779263139851922e-02
6.016023437499999904e-01 3.203125000000000000e-01 8.407197685488859706e-02
1.016523437499999988e-01 8.203125000000000000e-01 3.189367118633424942e-03
7.040546875000000537e-02 3.515625000000000000e-01 2.579861930275867323e-03
5.703554687499999831e-01 8.515625000000000000e-01 4.391694338360367655e-02
8.203304687500000414e-01 1.015625000000000000e-01 2.242565411047746371e-02
3.203804687499999804e-01 6.015625000000000000e-01 4.717001966345892028e-02
4.453679687500000095e-01 2.265625000000000000e-01 5.161720475842545425e-02
9.453179687499999595e-01 7.265625000000000000e-01 1.893628562690364073e-02
6.953429687500000123e-01 4.765625000000000000e-01 9.627243875970918630e-02
1.953929687499999790e-01 9.765625000000000000e-01 1.538413304660179006e-03
1.328992187499999922e-01 3.906250000000000000e-02 1.230523300780505180e-03
6.328492187499999977e-01 5.390625000000000000e-01 9.922791671635296240e-02
8.828242187499999449e-01 2.890625000000000000e-01 3.982092728710744794e-02
3.828742187499999949e-01 7.890625000000000000e-01 3.998756736442672655e-02
2.578867187499999658e-01 4.140625000000000000e-01 3.327225680902104465e-02
7.578367187500000268e-01 9.140625000000000000e-01 2.320601647026554817e-02
5.078617187499999686e-01 1.640625000000000000e-01 4.453125764030368278e-02
7.911718749999999481e-03 6.640625000000000000e-01 3.202096947040940250e-05
1.181757812499999866e-02 3.320312500000000000e-01 7.092931397619984158e-05
5.117675781249999556e-01 8.320312500000000000e-01 4.578827398543684757e-02
7.617425781250000139e-01 8.203125000000000000e-02 2.197196210910954545e-02
2.617925781250000083e-01 5.820312500000000000e-01 3.426807080586272841e-02
3.867800781249999820e-01 2.070312500000000000e-01 3.991873388910661957e-02
8.867300781250000430e-01 7.070312500000000000e-01 3.902678452639846141e-02
6.367550781249999847e-01 4.570312500000000000e-01 9.902916943144390860e-02
1.368050781249999792e-01 9.570312500000000000e-01 1.430750207756677694e-03
1.992988281249999938e-01 1.953125000000000000e-02 1.330283688771940120e-03
6.992488281249999993e-01 5.195312500000000000e-01 9.593709140969622351e-02
9.492238281249999465e-01 2.695312500000000000e-01 1.744878725647511578e-02
4.492738281249999965e-01 7.695312500000000000e-01 5.287828342564239448e-02
3.242863281249999674e-01 3.945312500000000000e-01 4.789015145569758269e-02
8.242363281250000284e-01 8.945312500000000000e-01 2.287999819256610404e-02
5.742613281249999702e-01 1.445312500000000000e-01 4.297476113064451625e-02
7.431132812500000628e-02 6.445312500000000000e-01 2.888574830663095689e-03
1.055582031249999997e-01 1.757812500000000000e-01 3.367225813986882837e-03
6.055082031249999774e-01 6.757812500000000000e-01 8.483395879108303339e-02
8.554832031250000357e-01 4.257812500000000000e-01 5.867978631312526644e-02
3.555332031249999747e-01 9.257812500000000000e-01 1.348606782770919374e-02
4.805207031250000038e-01 3.007812500000000000e-01 6.954764389647592748e-02
9.804707031249999538e-01 8.007812500000000000e-01 5.360719958695438908e-03
7.304957031250000066e-01 5.078125000000000000e-02 1.460346884154430265e-02
2.305457031250000011e-01 5.507812500000000000e-01 2.794268989410664608e-02
1.680519531249999865e-01 4.882812500000000000e-01 1.574944968411909341e-02
6.680019531249999920e-01 9.882812500000000000e-01 3.635802984481931351e-03
9.179769531250000503e-01 2.382812500000000000e-01 2.494174210943703868e-02
4.180269531249999893e-01 7.382812500000000000e-01 5.358571862034383626e-02
2.930394531250000156e-01 1.132812500000000000e-01 1.496207331207178790e-02
7.929894531250000211e-01 6.132812500000000000e-01 7.404331630704645562e-02
5.430144531249999629e-01 3.632812500000000000e-01 8.640184361229885646e-02
4.306445312500000594e-02 8.632812500000000000e-01 4.525644670990707115e-04
5.868789062500000264e-02 6.640625000000000000e-02 4.168049406093452436e-04
5.586378906250000220e-01 5.664062500000000000e-01 9.456272634188549187e-02
8.086128906249999693e-01 3.164062500000000000e-01 6.273177669596645412e-02
3.086628906250000193e-01 8.164062500000000000e-01 2.551036425023912868e-02
4.336503906249999929e-01 4.414062500000000000e-01 7.526622288609881306e-02
9.336003906249999984e-01 9.414062500000000000e-01 5.505657928762982926e-03
6.836253906250000512e-01 1.914062500000000000e-01 5.523741980132930440e-02
1.836753906249999901e-01 6.914062500000000000e-01 1.536550841564080644e-02
2.461691406250000047e-01 2.539062500000000000e-01 2.277021207487294613e-02
7.461191406249999547e-01 7.539062500000000000e-01 6.233612846657613643e-02
9.960941406250000130e-01 3.906250000000000000e-03 2.265719328842782522e-05
4.961441406250000075e-01 5.039062500000000000e-01 8.848445099945727310e-02
3.711566406249999783e-01 1.289062500000000000e-01 2.449760221990471276e-02
8.711066406249999838e-01 6.289062500000000000e-01 5.038949441239148896e-02
6.211316406250000366e-01 3.789062500000000000e-01 9.282208174027938019e-02
1.211816406250000033e-01 8.789062500000000000e-01 3.120622180488635301e-03
8.993476562500000993e-02 4.101562500000000000e-01 4.500269302055474700e-03
5.898847656250000293e-01 9.101562500000000000e-01 2.756736231141064183e-02
8.398597656249999766e-01 1.601562500000000000e-01 3.157640107525749168e-02
3.399097656249999710e-01 6.601562500000000000e-01 4.775859832782897857e-02
4.648972656250000002e-01 3.515625000000000000e-02 9.139386847419217474e-03
9.648472656250000057e-01 5.351562500000000000e-01 1.620859657413861038e-02
7.148722656249999474e-01 2.851562500000000000e-01 7.355676575627095870e-02
2.149222656249999974e-01 7.851562500000000000e-01 1.557303993378349703e-02
1.524285156249999829e-01 2.226562500000000000e-01 8.426213600307465301e-03
6.523785156250000439e-01 7.226562500000000000e-01 7.616796708719003606e-02
9.023535156249999911e-01 4.726562500000000000e-01 4.281481149896347593e-02
4.024035156249999856e-01 9.726562500000000000e-01 5.970379005287897341e-03
2.774160156250000120e-01 3.476562500000000000e-01 3.475553918955893301e-02
7.773660156249999620e-01 8.476562500000000000e-01 3.812619572563246545e-02
5.273910156250000147e-01 9.765625000000000000e-02 2.812276520360772539e-02
2.744101562499999883e-02 5.976562500000000000e-01 4.215143888079844552e-04
1.962929687500000048e-02 1.992187500000000000e-01 1.326264471458908981e-04
5.195792968750000407e-01 6.992187500000000000e-01 7.461027224801065894e-02
7.695542968749999879e-01 4.492187500000000000e-01 8.347099079901947050e-02
2.696042968749999824e-01 9.492187500000000000e-01 5.923258952992973420e-03
3.945917968750000115e-01 3.242187500000000000e-01 5.769513768805751425e-02
8.945417968750000171e-01 8.242187500000000000e-01 2.415202257606407013e-02
6.445667968749999588e-01 7.421875000000000000e-02 2.305663373038786476e-02
1.446167968749999810e-01 5.742187500000000000e-01 1.151134982989454429e-02
2.071105468749999956e-01 3.867187500000000000e-01 2.182889087272974968e-02
7.070605468749999734e-01 8.867187500000000000e-01 3.317438570949352017e-02
9.570355468750000316e-01 1.367187500000000000e-01 8.254902425633495189e-03
4.570855468749999706e-01 6.367187500000000000e-01 7.400207271825282040e-02
3.320980468749999970e-01 1.171875000000000000e-02 1.935342794049142463e-03
8.320480468750000025e-01 5.117187500000000000e-01 6.790530894741790557e-02
5.820730468749999442e-01 2.617187500000000000e-01 7.218026898085985743e-02
8.212304687500000810e-02 7.617187500000000000e-01 2.665730196210511650e-03
1.133699218750000015e-01 2.929687500000000000e-01 5.873744825673253914e-03
6.133199218749999515e-01 7.929687500000000000e-01 6.046102070826878117e-02
8.632949218750000098e-01 4.296875000000000000e-02 7.752673725803287119e-03
3.633449218750000043e-01 5.429687500000000000e-01 5.973037230433674710e-02
4.883324218749999779e-01 1.679687500000000000e-01 4.389863796172133875e-02
9.882824218750000389e-01 6.679687500000000000e-01 4.765360934578474240e-03
7.383074218749999806e-01 4.179687500000000000e-01 8.764757546148975453e-02
2.383574218750000029e-01 9.179687500000000000e-01 7.656849832260146510e-03
1.758636718749999883e-01 1.054687500000000000e-01 5.586522847903449725e-03
6.758136718749999661e-01 6.054687500000000000e-01 9.291211348974133533e-02
9.257886718750000243e-01 3.554687500000000000e-01 3.000821076998555492e-02
4.258386718750000188e-01 8.554687500000000000e-01 3.283799470510548324e-02
3.008511718749999897e-01 4.804687500000000000e-01 4.477222065210209601e-02
8.008011718749999952e-01 9.804687500000000000e-01 4.719279545028711234e-03
5.508261718750000480e-01 2.304687500000000000e-01 6.351470465365943729e-02
5.087617187500000082e-02 7.304687500000000000e-01 1.134762786086517157e-03
3.525273437500000412e-02 4.648437500000000000e-01 7.246369350764466852e-04
5.352027343749999888e-01 9.648437500000000000e-01 1.037324419861707613e-02
7.851777343750000471e-01 2.148437500000000000e-01 5.057317716906374605e-02
2.852277343749999861e-01 7.148437500000000000e-01 3.204251044103930551e-02
4.102152343750000152e-01 8.984375000000000000e-02 1.988021955308823946e-02
9.101652343749999652e-01 5.898437500000000000e-01 3.826487539173715341e-02
6.601902343750000179e-01 3.398437500000000000e-01 8.691369172381233077e-02
1.602402343749999847e-01 8.398437500000000000e-01 6.942357326309590154e-03
2.227339843749999992e-01 1.523437500000000000e-01 1.224782119995796413e-02
7.226839843750000325e-01 6.523437500000000000e-01 8.265611780729058278e-02
9.726589843749999797e-01 4.023437500000000000e-01 1.215430195405553873e-02
4.727089843749999742e-01 9.023437500000000000e-01 2.548663926072734093e-02
3.477214843750000006e-01 2.773437500000000000e-01 4.318927015344386361e-02
8.476714843749999506e-01 7.773437500000000000e-01 4.052220727449275944e-02
5.976964843750000034e-01 2.734375000000000000e-02 8.524330831238546846e-03
9.774648437499999787e-02 5.273437500000000000e-01 5.499717128849497365e-03
6.649960937500000446e-02 5.859375000000000000e-02 4.721005477457553110e-04
5.664496093749999961e-01 5.585937500000000000e-01 9.571254432681851332e-02
8.164246093749999433e-01 3.085937500000000000e-01 5.988922879108249386e-02
3.164746093749999933e-01 8.085937500000000000e-01 2.755705306905343460e-02
4.414621093749999670e-01 4.335937500000000000e-01 7.651774649946856133e-02
9.414121093749999725e-01 9.335937500000000000e-01 5.532251889445773292e-03
6.914371093750000252e-01 1.835937500000000000e-01 5.285624493688381720e-02
1.914871093749999920e-01 6.835937500000000000e-01 1.688336474324651781e-02
1.289933593749999774e-01 3.710937500000000000e-01 8.720747320294553948e-03
6.289433593750000107e-01 8.710937500000000000e-01 3.939869116453830616e-02
8.789183593749999579e-01 1.210937500000000000e-01 1.929641376676418177e-02
3.789683593750000079e-01 6.210937500000000000e-01 5.948119533010239740e-02
2.539808593749999788e-01 2.460937500000000000e-01 2.347475506371145618e-02
7.539308593750000398e-01 7.460937500000000000e-01 6.282794984988358811e-02
5.039558593749999815e-01 4.960937500000000000e-01 8.973605125826120132e-02
4.005859375000000305e-03 9.960937500000000000e-01 1.157864203639627420e-07
5.958789062499999893e-03 4.980468750000000000e-01 2.087658988173886110e-05
5.059087890625000306e-01 9.980468750000000000e-01 5.525132152351033138e-04
7.558837890624999778e-01 2.480468750000000000e-01 6.141899063439311413e-02
2.559337890624999723e-01 7.480468750000000000e-01 2.423656756168758586e-02
3.809212890625000014e-01 1.230468750000000000e-01 2.432797837518154219e-02
8.808712890625000069e-01 6.230468750000000000e-01 4.746082551927667537e-02
6.308962890624999487e-01 3.730468750000000000e-01 9.214409546628775372e-02
1.309462890624999987e-01 8.730468750000000000e-01 3.793542795419877107e-03
1.934400390624999855e-01 1.855468750000000000e-01 1.129856141143070758e-02
6.933900390624999632e-01 6.855468750000000000e-01 8.075883574057807213e-02
9.433650390625000215e-01 4.355468750000000000e-01 2.533299792449834539e-02
4.434150390625000160e-01 9.355468750000000000e-01 1.581100491313740947e-02
3.184275390624999869e-01 3.105468750000000000e-01 4.073466902443782095e-02
8.183775390624999924e-01 8.105468750000000000e-01 4.040303786542512321e-02
5.684025390625000451e-01 6.054687500000000000e-02 1.843796030873410749e-02
6.845253906249999798e-02 5.605468750000000000e-01 2.682344521249563178e-03
9.969941406250000526e-02 2.929687500000000000e-02 5.274439247577422229e-04
5.996494140624999414e-01 5.292968750000000000e-01 9.901428677755727548e-02
8.496244140624999996e-01 2.792968750000000000e-01 4.790726755895875072e-02
3.496744140624999941e-01 7.792968750000000000e-01 3.638254382006338855e-02
4.746619140624999678e-01 4.042968750000000000e-01 8.094968903866291143e-02
9.746119140625000288e-01 9.042968750000000000e-01 3.510470051965422326e-03
7.246369140624999705e-01 1.542968750000000000e-01 4.325667296485061208e-02
2.246869140624999928e-01 6.542968750000000000e-01 2.390562952359017238e-02
1.621931640624999782e-01 3.417968750000000000e-01 1.295093657229015593e-02
6.621431640624999559e-01 8.417968750000000000e-01 4.725563781181024020e-02
9.121181640625000142e-01 9.179687500000000000e-02 1.110568398162530175e-02
4.121681640625000087e-01 5.917968750000000000e-01 6.885536278138126853e-02
2.871806640624999796e-01 2.167968750000000000e-01 2.613968464749450576e-02
7.871306640624999851e-01 7.167968750000000000e-01 6.250709635454203272e-02
5.371556640625000378e-01 4.667968750000000000e-01 9.383642020984994669e-02
3.720566406250000457e-02 9.667968750000000000e-01 8.453476151373791943e-05
5.282910156250000128e-02 2.324218750000000000e-01 1.088994986693783132e-03
5.527791015624999860e-01 7.324218750000000000e-01 7.158832914094556688e-02
8.027541015625000442e-01 4.824218750000000000e-01 7.632194219111800015e-02
3.028041015624999832e-01 9.824218750000000000e-01 2.502370741814303849e-03
4.277916015625000123e-01 3.574218750000000000e-01 6.786599074187595060e-02
9.277416015624999623e-01 8.574218750000000000e-01 1.410533536294553310e-02
6.777666015625000151e-01 1.074218750000000000e-01 3.248517803898869072e-02
1.778166015624999818e-01 6.074218750000000000e-01 1.654472935584040336e-02
2.403103515624999964e-01 4.199218750000000000e-01 2.952319133529717962e-02
7.402603515625000297e-01 9.199218750000000000e-01 2.247921583174149196e-02
9.902353515624999769e-01 1.699218750000000000e-01 2.341306326338421159e-03
4.902853515624999714e-01 6.699218750000000000e-01 7.533741706066109101e-02
3.652978515624999978e-01 4.492187500000000000e-02 8.545673547248446369e-03
8.652478515624999478e-01 5.449218750000000000e-01 5.635182037458368737e-02
6.152728515625000005e-01 2.949218750000000000e-01 7.986496439354805188e-02
1.153228515625000089e-01 7.949218750000000000e-01 4.583153887563493588e-03
8.407597656250000162e-02 2.636718750000000000e-01 3.022991514193240983e-03
5.840259765624999932e-01 7.636718750000000000e-01 6.669072761724087473e-02
8.340009765625000515e-01 1.367187500000000000e-02 2.891584679283343545e-03
3.340509765624999905e-01 5.136718750000000000e-01 5.301535388285665701e-02
4.590384765625000196e-01 1.386718750000000000e-01 3.451137420272911566e-02
9.589884765624999696e-01 6.386718750000000000e-01 1.717862446852365041e-02
7.090134765625000224e-01 3.886718750000000000e-01 8.922346427536528846e-02
2.090634765624999891e-01 8.886718750000000000e-01 8.118682006790117409e-03
1.465697265625000023e-01 7.617187500000000000e-02 2.877555123558424299e-03
6.465197265625000078e-01 5.761718750000000000e-01 9.689300389320820717e-02
8.964947265624999551e-01 3.261718750000000000e-01 3.869391686778501233e-02
3.965447265625000051e-01 8.261718750000000000e-01 3.543337313994968096e-02
2.715572265624999759e-01 4.511718750000000000e-01 3.730849135012780787e-02
7.715072265625000369e-01 9.511718750000000000e-01 1.285233057633773830e-02
5.215322265624999787e-01 2.011718750000000000e-01 5.454535527136755713e-02
2.158222656250000093e-02 7.011718750000000000e-01 2.207967549687587789e-04
2.939394531249999928e-02 9.960937500000000000e-02 1.561512986266456993e-04
5.293439453124999527e-01 5.996093750000000000e-01 8.883970723046201445e-02
7.793189453125000110e-01 3.496093750000000000e-01 7.331242462569401153e-02
2.793689453125000055e-01 8.496093750000000000e-01 1.803270172448764169e-02
4.043564453124999791e-01 4.746093750000000000e-01 6.981477100527898327e-02
9.043064453125000401e-01 9.746093750000000000e-01 3.362306152699077143e-03
6.543314453124999819e-01 2.246093750000000000e-01 6.450709268955483189e-02
1.543814453125000041e-01 7.246093750000000000e-01 1.020783223418231418e-02
2.168751953124999909e-01 2.871093750000000000e-01 1.987833983395104545e-02
7.168251953124999964e-01 7.871093750000000000e-01 5.825413276141072627e-02
9.668001953125000547e-01 3.710937500000000000e-02 1.793902460773108467e-03
4.668501953124999937e-01 5.371093750000000000e-01 8.272549462780746932e-02
3.418626953125000201e-01 1.621093750000000000e-01 2.681405055106988664e-02
8.418126953125000256e-01 6.621093750000000000e-01 5.662639367485328146e-02
5.918376953124999673e-01 4.121093750000000000e-01 9.532702259819932078e-02
9.188769531250000344e-02 9.121093750000000000e-01 1.332623501688390711e-03
1.231345703125000107e-01 3.808593750000000000e-01 8.069369831626574743e-03
6.230845703124999746e-01 8.808593750000000000e-01 3.655581111705017566e-02
8.730595703125000329e-01 1.308593750000000000e-01 2.162636563746923521e-02
3.731095703124999718e-01 6.308593750000000000e-01 5.743024621068151814e-02
4.980970703125000010e-01 5.859375000000000000e-03 1.634695642200367349e-03
9.980470703124999510e-01 5.058593750000000000e-01 9.239327862522470416e-04
7.480720703125000037e-01 2.558593750000000000e-01 6.400697082518679026e-02
2.481220703124999982e-01 7.558593750000000000e-01 2.238838059017929025e-02
1.856283203124999837e-01 1.933593750000000000e-01 1.084870393082365200e-02
6.855783203124999892e-01 6.933593750000000000e-01 8.003255176005309723e-02
9.355533203125000474e-01 4.433593750000000000e-01 2.878043223737054152e-02
4.356033203124999864e-01 9.433593750000000000e-01 1.362522950205794121e-02
3.106158203125000128e-01 3.183593750000000000e-01 3.977370857161546119e-02
8.105658203125000183e-01 8.183593750000000000e-01 4.013183809699284732e-02
5.605908203124999600e-01 6.835937500000000000e-02 2.063770248844150682e-02
6.064082031250000310e-02 5.683593750000000000e-01 2.098374325479616422e-03
4.501738281250000639e-02 3.652343750000000000e-01 1.082378296725825710e-03
5.449673828125000119e-01 8.652343750000000000e-01 3.913412841735041531e-02
7.949423828124999591e-01 1.152343750000000000e-01 2.779949896793158792e-02
2.949923828125000091e-01 6.152343750000000000e-01 4.060585837203959519e-02
4.199798828124999828e-01 2.402343750000000000e-01 5.040460590074198610e-02
9.199298828124999883e-01 7.402343750000000000e-01 2.610702738649483753e-02
6.699548828125000410e-01 4.902343750000000000e-01 9.861125692613866012e-02
1.700048828124999800e-01 9.902343750000000000e-01 4.941303890506800866e-04
2.324986328124999946e-01 5.273437500000000000e-02 4.738651658617819111e-03
7.324486328124999446e-01 5.527343750000000000e-01 9.036058354205883658e-02
9.824236328125000028e-01 3.027343750000000000e-01 6.712228235094557308e-03
4.824736328124999973e-01 8.027343750000000000e-01 5.004287161232102987e-02
3.574861328124999682e-01 4.277343750000000000e-01 5.733565825947731925e-02
8.574361328124999737e-01 9.277343750000000000e-01 1.342460692812048710e-02
6.074611328125000265e-01 1.777343750000000000e-01 5.282421304343953156e-02
1.075111328125000071e-01 6.777343750000000000e-01 5.642855053717287135e-03
7.626425781249999980e-02 1.464843750000000000e-01 1.502728426647889593e-03
5.762142578125000192e-01 6.464843750000000000e-01 8.791292929948485435e-02
8.261892578124999664e-01 3.964843750000000000e-01 6.608973435331166879e-02
3.262392578125000164e-01 8.964843750000000000e-01 1.633574528821717109e-02
4.512267578124999901e-01 2.714843750000000000e-01 6.042281303444943519e-02
9.511767578124999956e-01 7.714843750000000000e-01 1.475405373314795689e-02
7.012017578125000483e-01 2.148437500000000000e-02 6.467938845877649508e-03
2.012517578124999873e-01 5.214843750000000000e-01 2.203826633775353427e-02
1.387580078125000005e-01 4.589843750000000000e-01 1.083535805144846161e-02
6.387080078125000338e-01 9.589843750000000000e-01 1.283813112408974631e-02
8.886830078124999810e-01 2.089843750000000000e-01 2.947870618767321760e-02
3.887330078124999755e-01 7.089843750000000000e-01 5.258680934785200239e-02
2.637455078125000019e-01 8.398437500000000000e-02 9.362074454771159709e-03
7.636955078124999519e-01 5.839843750000000000e-01 8.283315849292156863e-02
5.137205078125000046e-01 3.339843750000000000e-01 7.909257971328262360e-02
1.377050781249999911e-02 8.339843750000000000e-01 5.553370080881447500e-05
9.864648437499999936e-03 1.660156250000000000e-01 2.850319303956264159e-05
5.098146484375000176e-01 6.660156250000000000e-01 7.859025880838309275e-02
7.597896484374999648e-01 4.160156250000000000e-01 8.361444077168403433e-02
2.598396484375000148e-01 9.160156250000000000e-01 9.122538824843035368e-03
3.848271484374999885e-01 2.910156250000000000e-01 5.185246758695534475e-02
8.847771484374999940e-01 7.910156250000000000e-01 3.038334538396878989e-02
6.348021484375000467e-01 4.101562500000000000e-02 1.284491643464636540e-02
1.348521484374999857e-01 5.410156250000000000e-01 1.025426649816802219e-02
1.973458984375000003e-01 4.785156250000000000e-01 2.125330383952730995e-02
6.972958984374999503e-01 9.785156250000000000e-01 6.496803742782779507e-03
9.472708984375000085e-01 2.285156250000000000e-01 1.588701836600214801e-02
4.473208984375000030e-01 7.285156250000000000e-01 5.982354188485672353e-02
3.223333984374999739e-01 1.035156250000000000e-01 1.602655147668123961e-02
8.222833984374999794e-01 6.035156250000000000e-01 6.719800082568923305e-02
5.723083984375000322e-01 3.535156250000000000e-01 8.765263904599626676e-02
7.235839843749999889e-02 8.535156250000000000e-01 1.354192950504903674e-03
1.036052734375000062e-01 3.222656250000000000e-01 5.248286069618542278e-03
6.035552734375000394e-01 8.222656250000000000e-01 5.275833599857022993e-02
8.535302734374999867e-01 7.226562500000000000e-02 1.372473429944440909e-02
3.535802734374999812e-01 5.722656250000000000e-01 5.640140682485964702e-02
4.785677734375000103e-01 1.972656250000000000e-01 4.963776557751902602e-02
9.785177734375000158e-01 6.972656250000000000e-01 8.184613971720560224e-03
7.285427734374999575e-01 4.472656250000000000e-01 9.097165560342676538e-02
2.285927734374999798e-01 9.472656250000000000e-01 4.596459958520697497e-03
1.660990234374999930e-01 9.765625000000000000e-03 4.728439357575276434e-04
6.660490234374999430e-01 5.097656250000000000e-01 9.884911108671377844e-02
9.160240234375000012e-01 2.597656250000000000e-01 2.728177775554007159e-02
4.160740234374999957e-01 7.597656250000000000e-01 4.980687374031031456e-02
2.910865234374999666e-01 3.847656250000000000e-01 3.971366063932472990e-02
7.910365234374999721e-01 8.847656250000000000e-01 2.815145215879834295e-02
5.410615234375000249e-01 1.347656250000000000e-01 3.895212845688537928e-02
4.111152343750000548e-02 6.347656250000000000e-01 9.032628848633918140e-04
5.673496093750000219e-02 4.316406250000000000e-01 1.838317522135770070e-03
5.566849609374999730e-01 9.316406250000000000e-01 2.055914510684263979e-02
8.066599609375000313e-01 1.816406250000000000e-01 4.071682021778887106e-02
3.067099609374999702e-01 6.816406250000000000e-01 3.896272543848366271e-02
4.316974609374999994e-01 5.664062500000000000e-02 1.347711143886956911e-02
9.316474609374999494e-01 5.566406250000000000e-01 3.042431369017301740e-02
6.816724609375000021e-01 3.066406250000000000e-01 8.030562709148568457e-02
1.817224609374999966e-01 8.066406250000000000e-01 1.042496420907983168e-02
2.442162109374999834e-01 2.441406250000000000e-01 2.176876321122226537e-02
7.441662109375000167e-01 7.441406250000000000e-01 6.452167558960442140e-02
9.941412109374999639e-01 4.941406250000000000e-01 2.766173402928763948e-03
4.941912109375000139e-01 9.941406250000000000e-01 1.622900441535470115e-03
3.692037109374999848e-01 3.691406250000000000e-01 5.656322225718825314e-02
8.691537109375000458e-01 8.691406250000000000e-01 2.218976732282156375e-02
6.191787109374999876e-01 1.191406250000000000e-01 3.654229773199041409e-02
1.192287109375000098e-01 6.191406250000000000e-01 7.578839265627226353e-03
8.798183593750000253e-02 8.789062500000000000e-02 1.223324118674437491e-03
5.879318359374999803e-01 5.878906250000000000e-01 9.512596229598185849e-02
8.379068359375000385e-01 3.378906250000000000e-01 5.772054305866725077e-02
3.379568359374999775e-01 8.378906250000000000e-01 2.634300444045965112e-02
4.629443359375000067e-01 4.628906250000000000e-01 8.198142663901879235e-02
9.628943359374999567e-01 9.628906250000000000e-01 1.999622625477868662e-03
7.129193359375000094e-01 2.128906250000000000e-01 5.857890983068433227e-02
2.129693359375000039e-01 7.128906250000000000e-01 1.922968406753254936e-02
1.504755859374999893e-01 2.753906250000000000e-01 9.719372937341664784e-03
6.504255859374999948e-01 7.753906250000000000e-01 6.460085298095558093e-02
9.004005859375000531e-01 2.539062500000000000e-02 3.485798411189531230e-03
4.004505859374999921e-01 5.253906250000000000e-01 6.891502971075472161e-02
2.754630859375000185e-01 1.503906250000000000e-01 1.760541032499334663e-02
7.754130859375000240e-01 6.503906250000000000e-01 7.411596116436323933e-02
5.254380859374999657e-01 4.003906250000000000e-01 8.835131282012304021e-02
2.548808593749999837e-02 9.003906250000000000e-01 1.174560023729461134e-04
1.767636718750000002e-02 2.988281250000000000e-01 1.481523232870222615e-04
5.176263671874999917e-01 7.988281250000000000e-01 5.422227435223618552e-02
7.676013671875000499e-01 4.882812500000000000e-02 1.298312998688216403e-02
2.676513671874999889e-01 5.488281250000000000e-01 3.639003859598578805e-02
3.926388671875000180e-01 1.738281250000000000e-01 3.495787497048771092e-02
8.925888671874999680e-01 6.738281250000000000e-01 3.998988342938664814e-02
6.426138671875000208e-01 4.238281250000000000e-01 9.698866220597023025e-02
1.426638671874999875e-01 9.238281250000000000e-01 2.731965727429834512e-03
2.051576171875000021e-01 1.113281250000000000e-01 7.842043331241138615e-03
7.051076171875000353e-01 6.113281250000000000e-01 8.967051743786021156e-02
9.550826171874999826e-01 3.613281250000000000e-01 1.876173110197703817e-02
4.551326171874999771e-01 8.613281250000000000e-01 3.418514344304242336e-02
3.301451171875000035e-01 4.863281250000000000e-01 5.204859307184143968e-02
8.300951171874999535e-01 9.863281250000000000e-01 2.943616258496636884e-03
5.801201171875000062e-01 2.363281250000000000e-01 6.652160106761419167e-02
8.017011718750000071e-02 7.363281250000000000e-01 2.751893136541227157e-03
1.114169921875000080e-01 2.050781250000000000e-01 4.284972510461907726e-03
6.113669921875000135e-01 7.050781250000000000e-01 7.980022367537339956e-02
8.613419921874999607e-01 4.550781250000000000e-01 5.771029243667211150e-02
3.613919921875000107e-01 9.550781250000000000e-01 8.411617658421598198e-03
4.863794921874999844e-01 3.300781250000000000e-01 7.476084554990347630e-02
9.863294921874999899e-01 8.300781250000000000e-01 3.270663330709507564e-03
7.363544921875000426e-01 8.007812500000000000e-02 2.264532378315765176e-02
2.364044921874999816e-01 5.800781250000000000e-01 2.867268039377193073e-02
1.739107421874999948e-01 3.925781250000000000e-01 1.586661072689469348e-02
6.738607421875000281e-01 8.925781250000000000e-01 3.257959042347692569e-02
9.238357421874999753e-01 1.425781250000000000e-01 1.481652715179398484e-02
4.238857421874999698e-01 6.425781250000000000e-01 6.709503020133274209e-02
2.988982421874999962e-01 1.757812500000000000e-02 2.449408464178727280e-03
7.988482421874999462e-01 5.175781250000000000e-01 7.735901363060146418e-02
5.488732421874999989e-01 2.675781250000000000e-01 7.128561683624590195e-02
4.892324218750000037e-02 7.675781250000000000e-01 9.346029806555125044e-04
3.329980468750000366e-02 3.320312500000000000e-02 6.775170715957037155e-05
5.332498046874999398e-01 5.332031250000000000e-01 9.336034233699060103e-02
7.832248046874999980e-01 2.832031250000000000e-01 6.324383637862607266e-02
2.832748046874999925e-01 7.832031250000000000e-01 2.554331762431565067e-02
4.082623046874999662e-01 4.082031250000000000e-01 6.800378913000733327e-02
9.082123046875000272e-01 9.082031250000000000e-01 1.155557526405128280e-02
6.582373046874999689e-01 1.582031250000000000e-01 4.734675142203174231e-02
1.582873046874999912e-01 6.582031250000000000e-01 1.236351607711736085e-02
2.207810546874999780e-01 3.457031250000000000e-01 2.315789775085238741e-02
7.207310546874999835e-01 8.457031250000000000e-01 4.352307217452825588e-02
9.707060546875000417e-01 9.570312500000000000e-02 4.040416651196839307e-03
4.707560546874999807e-01 5.957031250000000000e-01 8.025821155487616876e-02
3.457685546875000071e-01 2.207031250000000000e-01 3.576692759096555124e-02
8.457185546875000126e-01 7.207031250000000000e-01 4.890228969786113156e-02
5.957435546874999543e-01 4.707031250000000000e-01 9.884796889412528209e-02
9.579355468750000435e-02 9.707031250000000000e-01 4.876136374470667789e-04
6.454667968749999707e-02 4.394531250000000000e-01 2.387252824516430255e-03
5.644966796874999471e-01 9.394531250000000000e-01 1.837556447702844153e-02
8.144716796875000053e-01 1.894531250000000000e-01 4.103468567040187420e-02
3.145216796874999998e-01 6.894531250000000000e-01 3.993444086105050334e-02
4.395091796874999734e-01 6.445312500000000000e-02 1.564672208977431825e-02
9.394591796875000345e-01 5.644531250000000000e-01 2.699533387310490071e-02
